runID/I:time/D:timeErr/D:A/D:AErr/D:N/D:NErr/D:frac/D
//1363	101.2440	5.7746	1.25110	0.40696	596.268	193.954	0.0000	0.0400
1333  17.4211	1.8647	14.25809	2.00511	6795.334	955.624	0.4058	0.0993
1581	576.1015	6.0626	1.003	0.36633	610.057	174.593	0.6667	0.2517
1341	49.7592	4.7297	10.53703	1.14293	5021.894	544.714	0.4561	0.0862
1569	527.7789	11.8253	1.03870	0.24062	495.038	114.676	0.5833	0.2002
1570	551.3604	11.7349	0.95542	0.23376	455.349	111.410	0.6522	0.2201
1500	351.1762	2.0071	1.42739	0.71879	680.287	342.573	0.8333	0.5062
1463	268.1124	2.9007	3.23955	0.87474	1543.952	416.895	0.3636	0.2161
1502	384.1658	5.4161	1.71815	0.47718	818.861	227.422	0.7895	0.2756
//1432	168.3767	6.7450	1.63944	0.43718	781.349	208.355	0.0000	0.0400
1470	286.7346	7.5124	2.57721	0.50916	1228.286	242.665	0.7188	0.2005
//1442	192.3947	5.7400	0.77059	0.18495	367.261	88.146	0.0000	0.0400
//1410	146.1432	4.5460	1.78383	0.56949	850.162	271.415	0.0000	0.0400
1501	366.5740	12.1554	1.25664	0.26318	598.910	125.431	0.7059	0.1924
1477	311.4700	7.2692	2.19501	0.46475	1046.130	221.496	0.6786	0.2056
1508	403.7767	8.4011	1.31133	0.31372	624.973	149.519	0.6400	0.2088
1620	712.7383	5.9325	0.51888	0.22685	247.296	108.114	0.5000	0.3558
1622	739.0956	5.8153	0.319	0.19099	148.932	91.026	0.7500	0.5742
1591	597.0639	9.1750	0.65777	0.20281	313.489	96.657	0.5000	0.2349
1606	670.3637	8.1496	0.47215	0.18705	225.024	89.147	0.5556	0.3124
1621	725.9779	7.2965	0.94540	0.28983	450.571	138.132	0.6667	0.2751
1596	621.3206	8.9897	0.54433	0.21333	259.424	101.672	0.7778	0.3940
1635	790.8415	7.3501	0.73139	0.26163	348.578	124.690	0.7273	0.3403
1628	764.0919	10.2322	0.37921	0.15317	180.731	72.999	0.6667	0.3536
1644	837.5781	8.7536	0.17953	0.12967	85.561	61.798	1.0000	0.8175
1639	811.8883	10.6417	0.31236	0.13024	148.868	62.073	0.5000	0.3088
1691	1067.3244	2.5736	0.58547	0.28815	279.031	137.333	0.2000	0.2227
1737	1236.2286	4.1875	0.55906	0.30731	266.445	146.464	0.8000	0.5381
1706	1105.2061	4.9319	0.92115	0.37084	439.016	176.742	0.7500	0.4070
1661	913.2532	4.9538	0.36031	0.21229	171.720	101.176	0.5000	0.4349
1720	1171.3629	10.6996	0.24479	0.13699	116.666	65.290	1.0000	0.6337
1660	902.4589	5.8339	0.31150	0.19038	148.457	90.735	0.7500	0.5742
1715	1147.4337	10.6265	0.59331	0.17844	282.769	85.043	0.5333	0.2369
1666	931.6850	10.2181	0.49739	0.19080	237.053	90.933	0.7778	0.3940
1683	1003.5024	10.5654	0.34093	0.14435	162.487	68.798	0.6250	0.3585
1732	1207.8747	22.2019	0.33456	0.10529	159.448	50.179	0.7857	0.3191
1687	1039.4271	22.6479	0.47349	0.12074	225.661	57.546	0.6667	0.2335
1751	1272.6690	5.4165	0.57428	0.26442	273.701	126.019	0.7143	0.4202
1789	1341.7200	8.3644	0.42677	0.16651	203.398	79.359	0.4444	0.2701
1797	1365.9903	8.0558	0.39476	0.20376	188.142	97.109	0.7500	0.5742
1782	1318.4494	7.5786	0.37802	0.19036	180.164	90.725	0.8333	0.5062
1818	1438.0679	7.9660	0.35152	0.14352	167.531	68.400	0.3750	0.2570
1751	1272.6690	5.4165	0.57428	0.26442	273.701	126.019	0.7143	0.4202
1797	1365.9903	8.0558	0.39476	0.20376	188.142	97.109	0.7500	0.5742
1782	1318.4494	7.5786	0.37802	0.19036	180.164	90.725	0.8333	0.5062
1789	1341.7200	8.3644	0.42677	0.16651	203.398	79.359	0.4444	0.2701
1798	1386.0967	12.0453	0.64695	0.19844	308.335	94.577	0.8125	0.3060
1818	1438.0679	7.9660	0.35152	0.14352	167.531	68.400	0.3750	0.2570
1826	1461.5887	8.6365	0.53497	0.21146	254.966	100.781	0.7778	0.3940
1834	1485.9537	8.1404	0.34796	0.17056	165.835	81.287	0.6667	0.4322
1798	1386.0967	12.0453	0.64695	0.19844	308.335	94.577	0.8125	0.3060
1845	1509.8476	8.2471	0.34064	0.17662	162.346	84.175	0.8000	0.5381
1966	1873.9256	4.1986	0.27494	0.20017	131.033	95.398	0.5000	0.6137
1870	1609.0442	5.0533	0.44151	0.24067	210.420	114.702	0.5000	0.4349
1882	1657.7075	5.0944	0.30212	0.17842	143.989	85.036	0.5000	0.4349
1876	1632.8615	6.5137	0.59456	0.26628	283.365	126.906	0.8571	0.4785
1891	1677.6442	8.5989	0.36211	0.13848	172.582	66.000	0.2500	0.2016
1851	1533.9810	8.1013	0.33766	0.12309	160.925	58.666	0.1111	0.1238
1858	1558.3788	8.5624	0.45695	0.20013	217.779	95.383	0.8750	0.4546
1895	1699.4457	10.5726	0.43306	0.14907	206.393	71.047	0.4000	0.2400
1859	1578.5154	11.5646	0.27992	0.12084	133.409	57.590	0.5714	0.3604
1896	1721.9853	11.9428	0.47164	0.15516	224.781	73.948	0.5385	0.2556
1981	1922.4650	4.8869	0.51608	0.24486	245.962	116.697	0.3333	0.2751
2039	2136.7317	6.4331	0.15783	0.10403	75.219	49.579	0.3333	0.3870
2033	2111.7439	6.4872	0.47451	0.20745	226.150	98.869	0.5000	0.3558
2016	1985.9926	6.8621	0.30063	0.16132	143.280	76.886	0.6000	0.4400
2045	2158.4715	7.9760	0.39406	0.20134	187.806	95.959	1.0000	0.5787
2007	1946.4542	8.1097	0.57991	0.21444	276.382	102.203	0.5556	0.3124
2062	2230.3285	8.3362	0.24747	0.13280	117.942	63.289	0.6000	0.4400
2012	1966.9793	8.4996	0.64521	0.24185	307.506	115.263	0.9091	0.3992
2017	2014.7156	8.7208	0.50821	0.17945	242.209	85.525	0.4444	0.2701
2067	2252.8289	9.7347	0.34811	0.16269	165.906	77.538	0.8571	0.4785
1974	1893.8231	8.5069	0.33950	0.16311	161.806	77.736	0.6000	0.4400
2057	2207.2353	9.7150	0.27725	0.12674	132.136	60.406	0.5000	0.3558
2021	2036.7036	10.0958	0.24981	0.10772	119.059	51.337	0.2857	0.2325
2029	2091.4753	11.0958	0.71400	0.20491	340.288	97.660	0.6471	0.2536
2025	2063.3085	14.0813	0.41942	0.14439	199.895	68.813	0.7500	0.3331
1340	41.5456	3.4697	12.86708	1.46422	6132.384	697.839	0.4673	0.0895
1356	73.9696	4.7410	11.76003	1.25868	5604.771	599.883	0.5484	0.0919
2052	2185.6943	6.5563	0.23476	0.13864	111.884	66.076	0.5000	0.4349
1769	1296.4179	5.6251	0.41618	0.22877	198.348	109.031	0.8000	0.5381
2094	2327.1151	7.2121	0.34325	0.17320	163.592	82.548	0.6000	0.4400
2133	2518.5268	7.6421	0.46711	0.18225	222.624	86.860	0.4444	0.2701
2149	2616.0394	6.9678	0.25616	0.15093	122.084	71.931	0.5000	0.4349
2129	2494.8263	7.4313	0.54650	0.20139	260.460	95.981	0.4000	0.2400
2121	2470.0906	8.0947	0.41064	0.17122	195.708	81.604	0.5000	0.3088
2156	2638.8035	7.6949	0.29520	0.16792	140.692	80.028	0.7500	0.5742
2075	2300.4062	10.2357	0.25272	0.12493	120.446	59.543	0.6667	0.4322
2071	2276.1692	11.1244	0.49006	0.17321	233.562	82.549	0.7500	0.3331
2099	2348.3844	10.1722	0.35729	0.15454	170.284	73.651	0.7500	0.4070
2139	2566.4392	8.8600	0.47353	0.18732	225.680	89.275	0.6250	0.3585
2161	2662.1385	10.6954	0.38848	0.14989	185.149	71.436	0.5000	0.3088
2143	2588.9212	9.8229	0.54728	0.19577	260.829	93.301	0.7273	0.3403
2103	2371.5404	11.0126	0.50257	0.16643	239.521	79.322	0.5000	0.2532
2104	2394.5600	12.0011	0.66172	0.18554	315.373	88.427	0.5556	0.2227
1710	1124.4437	9.6974	0.32077	0.14769	152.877	70.389	0.7143	0.4202
1679	982.3824	7.9813	0.48524	0.21732	231.263	103.572	0.8571	0.4785
2138	2545.8729	11.6993	0.45400	0.14284	216.372	68.075	0.3333	0.1966
1670	955.1297	10.8847	0.52971	0.17429	252.457	83.066	0.4167	0.2254
1655	885.9117	8.2067	0.28526	0.15681	135.955	74.734	0.8000	0.5381
//1382	122.6887	5.2296	1.35094	0.35689	643.851	170.091	0.0000	0.0400
2238	3047.1818	7.4010	0.59506	0.24150	283.602	115.098	0.7778	0.3940
2174	2755.7761	10.3375	0.68252	0.22726	325.285	108.309	0.9286	0.3599
2284	3250.5517	1.8164	1.44196	0.80697	687.230	384.596	1.0000	0.6337
2251	3154.3465	1.6560	1.87843	0.86488	895.249	412.197	0.7143	0.4202
2247	3130.3485	1.7493	3.37619	1.16225	1609.076	553.921	0.7500	0.3331
2213	2963.6461	2.0906	0.85378	0.50304	406.905	239.744	0.5000	0.4349
2195	2858.7771	3.4004	0.45263	0.26731	215.721	127.399	0.5000	0.4349
2231	3024.5442	5.8681	0.35156	0.18865	167.551	89.910	0.6000	0.4400
2243	3120.7433	5.6958	3.16475	0.62044	1508.306	295.700	0.7368	0.1878
2194	2848.8797	6.4819	0.51281	0.20023	244.402	95.430	0.4444	0.2701
2216	2974.4696	7.5871	0.23952	0.14639	114.152	69.768	0.7500	0.5742
2273	3189.6008	8.5067	1.49917	0.35659	714.498	169.950	0.8148	0.2374
2285	3261.8457	8.2640	1.27485	0.33626	607.585	160.262	0.7500	0.2593
2249	3142.3786	8.3975	1.90107	0.38799	906.039	184.915	0.6857	0.1861
2188	2829.9229	8.3343	0.43608	0.20163	207.835	96.096	0.8571	0.4785
2166	2686.2719	8.1864	0.31599	0.15621	150.598	74.448	0.6667	0.4322
2221	2997.1150	8.9303	0.69665	0.23573	332.018	112.346	0.7692	0.3260
2280	3236.3676	10.0571	1.31678	0.29909	627.570	142.545	0.7037	0.2145
2204	2923.9651	10.1224	0.60781	0.21418	289.680	102.077	0.8182	0.3699
2170	2707.5954	10.4571	0.57359	0.18763	273.371	89.425	0.5833	0.2803
2181	2803.6072	10.6331	0.36796	0.16116	175.368	76.808	0.8750	0.4546
2177	2779.4483	10.9308	0.48535	0.16836	231.313	80.237	0.5455	0.2797
2279	3213.7144	12.5764	1.36300	0.28293	649.601	134.844	0.8286	0.2119
2171	2730.2165	12.1449	0.77540	0.19892	369.551	94.806	0.5714	0.2106
2297	3313.8676	4.2663	0.61392	0.34357	292.593	163.745	1.0000	0.6337
2303	3326.1038	5.2490	0.93265	0.32287	444.495	153.877	0.5833	0.2803
2304	3336.9628	5.5875	1.03818	0.34388	494.790	163.893	0.5000	0.2532
2475	3911.3853	6.6889	0.38673	0.19118	184.313	91.116	0.6667	0.4322
2379	3526.5006	7.7417	0.66828	0.23392	318.498	111.485	0.6667	0.3069
2468	3840.1569	6.5256	0.51434	0.21911	245.132	104.428	0.6250	0.3585
2523	4006.5300	7.7333	0.23499	0.14362	111.993	68.449	0.7500	0.5742
2396	3621.7969	8.4092	0.89896	0.29282	428.440	139.559	0.9286	0.3599
2563	4126.2624	7.9474	0.28582	0.16258	136.222	77.485	0.7500	0.5742
2575	4150.2572	8.0497	0.49166	0.20292	234.325	96.710	0.5714	0.3604
2535	4030.2579	8.2215	0.37441	0.16831	178.444	80.217	0.5714	0.3604
2309	3358.9719	7.0725	0.72822	0.27468	347.066	130.911	0.8000	0.3816
2472	3885.9307	8.4232	0.42764	0.18107	203.811	86.295	0.6250	0.3585
2471	3862.1919	8.1681	0.34678	0.16998	165.274	81.012	0.6667	0.4322
2552	4102.3761	8.0347	0.35656	0.17956	169.936	85.575	0.8333	0.5062
2609	4222.0915	10.5226	0.24583	0.12153	117.162	57.919	0.6667	0.4322
2587	4174.0289	8.3375	0.24743	0.13278	117.925	63.280	0.6000	0.4400
2610	4243.4178	10.7972	0.58907	0.19803	280.747	94.379	0.7500	0.3331
2598	4197.9897	8.3736	0.24250	0.12620	115.574	60.148	0.4000	0.3370
2539	4052.4240	11.3285	0.44776	0.15831	213.401	75.449	0.6364	0.3103
2289	3283.3240	10.9038	0.90942	0.23391	433.423	111.482	0.6667	0.2335
2317	3404.3528	9.3292	0.53169	0.20882	253.400	99.523	0.9000	0.4155
2540	4075.0683	11.3058	0.52853	0.17988	251.897	85.730	0.7692	0.3260
2385	3562.9028	19.8772	0.66036	0.16111	314.723	76.786	0.8261	0.2592
2649	4345.9033	4.3125	1.09321	0.46641	521.020	222.289	1.0000	0.5016
2669	4401.4269	3.4036	0.14440	0.10231	68.818	48.762	0.0000	0.0400
2710	4513.7715	4.4249	0.82869	0.39206	394.947	186.854	1.0000	0.5360
2670	4409.0636	4.2283	0.30589	0.21371	145.785	101.851	0.6667	0.6099
2643	4321.8783	4.9039	0.21364	0.18896	101.819	90.057	1.0000	1.0008
2671	4418.0100	4.7125	0.27446	0.19175	130.807	91.387	0.6667	0.6099
2655	4370.2532	4.7301	0.60567	0.30500	288.658	145.360	0.8333	0.5062
2642	4311.8558	5.0986	0.49783	0.27298	237.264	130.103	0.5000	0.4349
2648	4335.9781	5.5900	0.59792	0.28661	284.966	136.598	0.8333	0.5062
2686	4464.7171	5.8613	0.26812	0.19365	127.783	92.294	1.0000	0.8175
2654	4359.2400	6.2764	0.30009	0.15785	143.020	75.232	0.2500	0.2824
2668	4389.4926	8.5257	0.18432	0.14462	87.848	68.927	1.0000	1.0008
2637	4293.7081	9.0000	0.48574	0.17461	231.501	83.217	0.5455	0.2797
2629	4269.1235	9.1487	0.53864	0.20799	256.711	99.127	0.8000	0.3816
2910	5300.9539	5.4167	0.37488	0.17494	178.666	83.375	0.3333	0.2751
2861	5108.6997	6.3333	0.36964	0.20319	176.169	96.839	0.8000	0.5381
2834	5027.4903	4.1667	0.24367	0.16061	116.133	76.546	0.3333	0.3870
2813	4892.1761	4.6625	0.44246	0.23743	210.873	113.158	0.6000	0.4400
2767	4762.6297	5.1308	0.45627	0.25081	217.457	119.535	0.8000	0.5381
2744	4635.5333	5.0000	0.15391	0.12847	73.354	61.228	0.5000	0.6137
2786	4802.9908	4.9167	0.47615	0.26174	226.930	124.742	0.8000	0.5381
2751	4676.6347	5.7500	0.20076	0.14616	95.679	69.659	0.5000	0.6137
2806	4845.3083	5.0833	0.55264	0.28654	263.387	136.564	0.8000	0.5381
2889	5180.9814	5.2500	0.67714	0.29836	322.723	142.195	0.7143	0.4202
//2757	4727.0286	6.1119	4.64437	0.62822	2213.484	299.407	0.2027	0.0700
2824	4929.3428	6.3081	0.43919	0.21981	209.316	104.760	0.6000	0.4400
2845	5057.5617	6.5833	0.23379	0.15626	111.424	74.472	0.5000	0.6137
2832	4987.9453	7.0833	0.07395	0.09249	35.245	44.080	1.0000	1.4148
2720	4527.1528	5.4167	0.57427	0.26441	273.694	126.016	0.7143	0.4202
2722	4563.1490	5.6157	0.27984	0.20212	133.370	96.330	1.0000	0.8175
2733	4600.3411	5.5000	0.51500	0.23272	245.449	110.915	0.5714	0.3604
2896	5253.1586	5.6667	0.54322	0.24420	258.897	116.383	0.5714	0.3604
2944	5440.5919	6.6667	0.47145	0.24088	224.690	114.804	1.0000	0.5787
2935	5394.1425	7.5000	0.31587	0.13911	150.542	66.299	0.3333	0.2751
2930	5349.0639	6.0000	0.30287	0.18511	144.347	88.223	0.7500	0.5742
2978	5566.4247	6.5833	0.42672	0.22125	203.375	105.448	0.8000	0.5381
3004	5655.8394	6.5167	0.71848	0.27953	342.426	133.223	0.8000	0.3816
2963	5490.1925	6.3333	0.28182	0.14615	134.314	69.655	0.4000	0.3370
2988	5609.8849	7.0437	0.21851	0.12905	104.141	61.503	0.5000	0.4349
3021	5753.0450	6.7500	0.33723	0.15851	160.724	75.544	0.3333	0.2751
3012	5708.2653	7.4167	0.51881	0.20553	247.261	97.956	0.5556	0.3124
2976	5534.1592	4.5000	0.17101	0.14275	81.505	68.032	0.5000	0.6137
3045	5849.0667	6.6667	0.23087	0.13635	110.031	64.982	0.5000	0.4349
3029	5804.9092	6.5000	0.36016	0.19798	171.652	94.356	0.8000	0.5381
3052	5897.4283	7.6667	0.64295	0.25709	306.429	122.529	0.8889	0.4338
3096	6093.2572	6.5833	0.42534	0.17366	202.716	82.766	0.3750	0.2570
3106	6137.3653	7.4167	0.77159	0.29657	367.733	141.344	0.8889	0.4338
3085	5993.8522	6.7500	0.69087	0.25141	329.263	119.823	0.4444	0.2701
3092	6040.9644	8.7500	0.35550	0.16368	169.429	78.010	0.7143	0.4202
3061	5945.6169	7.3333	0.30975	0.17619	147.628	83.973	0.7500	0.5742
3134	6377.5986	2.7500	3.47100	0.89341	1654.260	425.793	0.6364	0.2212
3121	6353.5008	2.8333	3.20687	0.87935	1528.379	419.093	0.7500	0.2593
3144	6449.5811	2.7986	2.78450	0.82896	1327.080	395.080	0.7647	0.2846
3139	6424.4000	3.0000	1.62104	0.52898	772.580	252.107	0.4615	0.2313
3138	6401.3747	4.0139	2.97069	0.74990	1415.817	357.398	0.8261	0.2592
3165	6516.0204	0.4335	2.98381	2.08461	1422.066	993.516	0.6667	0.6099
3179	6610.5689	0.6839	0.35932	0.35969	171.249	171.425	0.0000	0.0400
3149	6473.8814	2.6986	1.55289	0.70478	740.100	335.893	1.0000	0.5360
3211	6711.1914	3.2861	0.86197	0.38951	410.810	185.640	0.5714	0.3604
3196	6661.2103	3.7500	0.41043	0.24239	195.611	115.523	0.5000	0.4349
3228	6806.2889	3.4167	0.45995	0.36089	219.210	171.996	1.0000	1.0008
3219	6756.9762	3.8418	0.47301	0.28910	225.436	137.784	0.7500	0.5742
3174	6565.7290	4.1182	0.69567	0.35032	331.551	166.960	0.8333	0.5062
3243	6862.0638	9.1874	1.05071	0.27492	500.763	131.025	0.6500	0.2350
3247	6885.3867	10.4539	0.92455	0.21814	440.637	103.962	0.3913	0.1590
3299	7120.7229	6.1107	0.55456	0.25918	264.299	123.524	0.8571	0.4785
3251	6908.5242	10.0944	0.75905	0.21867	361.761	104.219	0.6471	0.2536
3255	6932.3588	10.3737	0.46879	0.15986	223.424	76.188	0.5000	0.2532
3278	7029.6861	9.8972	0.88668	0.23958	422.588	114.182	0.6500	0.2350
3259	6956.6986	11.4447	0.76679	0.20718	365.447	98.743	0.6500	0.2350
3267	7004.4347	10.9417	0.54068	0.15128	257.686	72.100	0.3125	0.1650
3263	6981.0053	10.2442	1.06338	0.24182	506.800	115.251	0.4800	0.1733
3293	7078.4111	9.6167	0.55680	0.17400	265.370	82.926	0.4286	0.2129
3282	7053.1340	11.0201	0.95614	0.22487	455.690	107.173	0.5000	0.1812
3296	7101.3543	11.1562	0.64335	0.19214	306.618	91.575	0.5714	0.2564
3321	7173.2558	6.2067	0.41156	0.19801	196.148	94.372	0.5000	0.3558
3333	7199.8206	7.5658	0.46754	0.18013	222.829	85.849	0.3333	0.2258
3353	7294.0114	9.3597	0.83057	0.21878	395.845	104.271	0.4211	0.1819
3346	7244.5206	10.0444	0.65541	0.17811	312.367	84.888	0.3333	0.1621
3374	7413.4436	10.2250	0.55404	0.18437	264.052	87.872	0.6154	0.2794
3387	7509.1678	10.7967	0.19107	0.10253	91.065	48.867	0.6000	0.4400
3365	7388.3656	11.0694	0.69220	0.19941	329.897	95.040	0.6471	0.2536
3362	7364.4267	10.7736	0.85717	0.22317	408.521	106.363	0.5714	0.2106
3380	7460.5256	10.6264	0.44584	0.15927	212.483	75.907	0.4000	0.2400
3343	7221.8851	10.4621	0.35302	0.13272	168.248	63.255	0.4444	0.2701
3359	7340.8986	10.6667	0.69236	0.19782	329.976	94.278	0.4706	0.2057
3377	7436.6233	10.8694	0.72168	0.17702	343.951	84.367	0.3182	0.1438
3356	7316.7844	11.3431	0.74629	0.20428	355.678	97.359	0.5789	0.2230
3384	7484.5611	11.0183	0.53939	0.17436	257.069	83.097	0.6429	0.2776
3349	7269.3649	12.7251	1.19210	0.22865	568.147	108.971	0.4324	0.1354
3457	7846.4485	8.6157	0.57572	0.22611	274.385	107.765	0.9000	0.4155
3402	7580.7464	9.0819	0.55463	0.19274	264.336	91.859	0.5455	0.2797
3449	7797.7144	8.3978	0.49131	0.19718	234.156	93.976	0.6667	0.3536
3414	7676.9871	9.4840	0.57155	0.21387	272.400	101.928	0.8000	0.3816
3466	7894.8397	9.1692	0.69803	0.22855	332.676	108.928	0.6923	0.3029
3461	7870.1867	9.0653	0.65995	0.24061	314.527	114.673	0.9091	0.3992
3454	7823.3524	11.7082	0.65729	0.19024	313.260	90.665	0.5882	0.2378
3390	7533.5925	11.0181	0.63449	0.19936	302.393	95.015	0.7333	0.2938
3393	7557.1758	10.4203	0.42264	0.16264	201.428	77.514	0.7000	0.3473
3405	7603.2811	11.3781	0.51949	0.16575	247.586	78.996	0.5714	0.2564
3469	7916.0694	9.7467	0.12938	0.07227	61.662	34.445	0.2500	0.2824
3408	7627.5417	10.7764	0.30040	0.12967	143.167	61.802	0.5714	0.3604
3411	7652.6149	12.1929	0.38135	0.14582	181.749	69.497	0.7000	0.3473
3432	7750.0833	7.8156	0.49553	0.22192	236.166	105.768	0.8571	0.4785
3472	7944.3218	16.2004	0.60273	0.16062	287.258	76.548	0.7000	0.2472
3545	8328.5599	6.6087	0.35424	0.19472	168.827	92.804	0.8000	0.5381
3528	8206.0439	8.7056	0.25776	0.10793	122.849	51.438	0.1429	0.1579
3514	8159.6078	8.4806	0.70129	0.25152	334.229	119.873	0.8182	0.3699
3563	8439.6685	6.4879	0.56518	0.26739	269.360	127.438	1.0000	0.5360
3544	8303.7518	7.4504	0.46481	0.18646	221.527	88.864	0.5000	0.3088
3490	8013.8750	8.2625	0.65981	0.24351	314.462	116.057	0.8182	0.3699
3548	8349.7581	9.6431	0.42786	0.17172	203.918	81.840	0.6667	0.3536
3505	8109.6840	10.3754	0.48212	0.16020	229.775	76.348	0.5000	0.2532
3518	8182.5578	8.8478	0.49410	0.17761	235.484	84.649	0.5455	0.2797
3498	8060.3368	9.5249	0.46237	0.18765	220.364	89.433	0.7778	0.3940
3473	7968.1900	7.6625	0.47009	0.19904	224.044	94.862	0.6250	0.3585
3509	8134.8306	9.2500	0.58587	0.20403	279.224	97.240	0.6667	0.3069
3501	8083.7917	11.7825	0.45720	0.15066	217.899	71.803	0.5385	0.2556
3495	8037.4738	10.9663	0.56436	0.18165	268.970	86.576	0.6429	0.2776
3532	8252.6806	10.9019	0.70843	0.21272	337.632	101.380	0.7500	0.2892
3486	7990.4331	9.9208	0.34158	0.15964	162.794	76.084	0.8571	0.4785
3535	8276.7139	10.7425	0.47219	0.16694	225.042	79.564	0.6364	0.3103
3529	8226.9368	12.1813	0.36154	0.13913	172.309	66.308	0.7000	0.3473
