runID/I:time/D:timeErr/D:A/D:AErr/D:N/D:NErr/D:frac/D
1333	17.4211	1.8647	8.63436	1.18830	4115.093	566.340	0.3333	0.0897
1340	41.5456	3.4697	9.35634	1.01127	4459.184	481.966	0.4779	0.0886
1341	49.7592	4.7297	8.39995	0.82554	4003.375	393.450	0.4485	0.0799
1356	73.9696	4.7410	8.33159	0.86071	3970.793	410.208	0.5736	0.0927
//1363	101.2440	5.7746	1.31498	0.35595	626.713	169.645	0.0000	0.0400
//1382	122.6887	5.2296	1.50668	0.36096	718.078	172.031	0.0000	0.0400
//1410	146.1432	4.5460	1.09284	0.31031	520.841	147.890	0.0000	0.0400
//1432	168.3767	6.7450	1.17281	0.27345	558.955	130.325	0.0000	0.0400
//1442	192.3947	5.7400	0.98050	0.44851	467.303	213.760	0.0000	0.0400
1470	286.7346	7.5124	2.28119	0.39083	1087.202	186.269	0.6842	0.1787
1477	311.4700	7.2692	2.02380	0.37009	964.534	176.382	0.7222	0.1901
1500	351.1762	2.0071	1.29605	0.53936	617.688	257.055	0.7500	0.4070
1501	366.5740	12.1554	1.14966	0.20957	547.920	99.878	0.7619	0.1832
1508	403.7767	8.4011	1.15063	0.24210	548.386	115.383	0.6774	0.1956
1508	403.7767	8.4011	1.15063	0.24210	548.386	115.383	0.6774	0.1956
1569	527.7789	11.8253	0.86371	0.17459	411.637	83.208	0.5938	0.1766
1570	551.3604	11.7349	0.77450	0.17428	369.123	83.062	0.7407	0.2222
1581	576.1015	6.0626	1.38255	0.31722	658.914	151.187	0.7500	0.2202
1591	597.0639	9.1750	0.58836	0.16646	280.409	79.336	0.7222	0.2659
1596	621.3206	8.9897	0.67875	0.19258	323.487	91.784	0.8333	0.2941
1606	670.3637	8.1496	0.36027	0.13831	171.703	65.920	0.6250	0.3585
1620	712.7383	5.9325	0.72839	0.22517	347.147	107.314	0.6429	0.2776
1621	725.9779	7.2965	0.63097	0.18532	300.717	88.322	0.6471	0.2536
1622	739.0956	5.8153	0.28654	0.16036	136.563	76.425	1.0000	0.6337
1628	764.0919	10.2322	0.36287	0.11824	172.943	56.352	0.6154	0.2794
1635	790.8415	7.3501	0.59033	0.18655	281.346	88.907	0.6154	0.2794
1639	811.8883	10.6417	0.33507	0.11418	159.693	54.416	0.6667	0.3069
1644	837.5781	8.7536	0.22843	0.12084	108.868	57.592	1.0000	0.6337
1655	885.9117	8.2067	0.42035	0.16323	200.334	77.795	0.8889	0.4338
1660	902.4589	5.8339	0.33922	0.16882	161.671	80.459	0.8333	0.5062
1661	913.2532	4.9538	0.36510	0.16878	174.005	80.438	0.4000	0.3370
1666	931.6850	10.2181	0.38307	0.13499	182.568	64.333	0.8182	0.3699
1670	955.1297	10.8847	0.40482	0.12054	192.936	57.450	0.5625	0.2378
1679	982.3824	7.9813	0.39292	0.15711	187.266	74.880	0.8889	0.4338
1683	1003.5024	10.5654	0.37518	0.12543	178.808	59.778	0.6364	0.3103
1687	1039.4271	22.6479	0.43122	0.09414	205.517	44.867	0.7586	0.2182
1691	1067.3244	2.5736	0.37247	0.18332	177.520	87.371	0.2000	0.2227
1706	1105.2061	4.9319	0.66437	0.25060	316.636	119.433	0.8000	0.3816
1710	1124.4437	9.6974	0.52740	0.17075	251.358	81.381	0.9231	0.3717
1715	1147.4337	10.6265	0.41692	0.10868	198.701	51.795	0.3684	0.1677
1720	1171.3629	10.6996	0.31988	0.12704	152.454	60.549	0.8750	0.4546
1732	1207.8747	22.2019	0.31351	0.08362	149.416	39.855	0.7778	0.2800
1737	1236.2286	4.1875	0.50780	0.24341	242.015	116.010	0.8333	0.5062
1751	1272.6690	5.4165	0.48841	0.19980	232.775	95.225	0.7778	0.3940
1769	1296.4179	5.6251	0.43801	0.19617	208.755	93.492	0.8571	0.4785
1782	1318.4494	7.5786	0.58523	0.19713	278.917	93.953	0.8333	0.3590
1789	1341.7200	8.3644	0.27151	0.10594	129.402	50.488	0.4444	0.2701
1797	1365.9903	8.0558	0.37453	0.14160	178.499	67.486	0.6667	0.3536
1798	1386.0967	12.0453	0.50696	0.14154	241.616	67.459	0.8421	0.2885
1818	1438.0679	7.9660	0.36877	0.12604	175.752	60.069	0.5000	0.2532
1826	1461.5887	8.6365	0.53784	0.17210	256.332	82.024	0.8667	0.3308
1834	1485.9537	8.1404	0.31955	0.13298	152.296	63.379	0.7500	0.4070
1845	1509.8476	8.2471	0.41816	0.15647	199.293	74.573	0.8000	0.3816
1851	1533.9810	8.1013	0.35753	0.11339	170.395	54.042	0.3077	0.1804
1858	1558.3788	8.5624	0.34330	0.13570	163.614	64.672	0.7778	0.3940
1859	1578.5154	11.5646	0.38203	0.13543	182.071	64.547	0.9000	0.4155
1870	1609.0442	5.0533	0.34879	0.17457	166.231	83.197	0.6000	0.4400
1876	1632.8615	6.5137	0.57774	0.21864	275.347	104.204	0.8889	0.4338
1882	1657.7075	5.0944	0.35777	0.18016	170.512	85.865	0.8333	0.5062
1891	1677.6442	8.5989	0.33315	0.12022	158.780	57.298	0.5000	0.2768
1895	1699.4457	10.5726	0.47672	0.13682	227.205	65.206	0.6471	0.2536
1896	1721.9853	11.9428	0.44131	0.12660	210.324	60.337	0.7222	0.2659
1966	1873.9256	4.1986	0.27536	0.16830	131.234	80.209	0.7500	0.5742
1974	1893.8231	8.5069	0.38933	0.14471	185.554	68.969	0.8182	0.3699
1981	1922.4650	4.8869	0.42852	0.17622	204.229	83.984	0.3750	0.2570
2007	1946.4542	8.1097	0.44553	0.16100	212.337	76.730	0.8182	0.3699
2012	1966.9793	8.4996	0.73520	0.21033	350.395	100.240	0.8824	0.3151
2016	1985.9926	6.8621	0.38897	0.15387	185.381	73.333	0.6250	0.3585
2017	2014.7156	8.7208	0.53468	0.16068	254.826	76.579	0.6667	0.2751
2021	2036.7036	10.0958	0.19194	0.07857	91.478	37.446	0.3750	0.2570
2025	2063.3085	14.0813	0.35962	0.10982	171.393	52.340	0.8000	0.3124
2029	2091.4753	11.0958	0.66460	0.16814	316.746	80.137	0.7727	0.2527
2033	2111.7439	6.4872	0.52374	0.18418	249.614	87.781	0.6364	0.3103
2039	2136.7317	6.4331	0.20402	0.10948	97.234	52.177	0.6000	0.4400
2045	2158.4715	7.9760	0.35387	0.14633	168.651	69.741	0.8889	0.4338
2052	2185.6943	6.5563	0.33469	0.15069	159.510	71.818	0.6667	0.4322
2057	2207.2353	9.7150	0.19763	0.09282	94.191	44.237	0.6667	0.4322
2062	2230.3285	8.3362	0.20556	0.09397	97.968	44.786	0.5000	0.3558
2067	2252.8289	9.7347	0.33811	0.12440	161.143	59.288	0.6667	0.3536
2071	2276.1692	11.1244	0.46992	0.13579	223.960	64.716	0.7059	0.2691
2075	2300.4062	10.2357	0.32156	0.11256	153.256	53.645	0.6667	0.3069
2094	2327.1151	7.2121	0.52712	0.17940	251.222	85.500	0.7692	0.3260
2099	2348.3844	10.1722	0.36984	0.13459	176.265	64.147	0.8000	0.3816
2103	2371.5404	11.0126	0.45142	0.14112	215.146	67.258	0.7692	0.3260
2104	2394.5600	12.0011	0.52359	0.13874	249.538	66.123	0.6842	0.2495
2121	2470.0906	8.0947	0.44336	0.15106	211.302	71.992	0.5000	0.2768
2129	2494.8263	7.4313	0.32665	0.12009	155.678	57.234	0.4000	0.2400
2133	2518.5268	7.6421	0.46367	0.15552	220.983	74.120	0.5833	0.2803
2138	2545.8729	11.6993	0.44099	0.12457	210.174	59.370	0.5333	0.2369
2139	2566.4392	8.8600	0.37669	0.13387	179.530	63.804	0.6000	0.3124
2143	2588.9212	9.8229	0.51533	0.14956	245.604	71.278	0.7059	0.2691
2149	2616.0394	6.9678	0.38351	0.16117	182.778	76.810	0.5000	0.3558
2156	2638.8035	7.6949	0.36091	0.14884	172.008	70.938	0.7500	0.4070
2161	2662.1385	10.6954	0.30774	0.11323	146.669	53.963	0.6667	0.3536
2166	2686.2719	8.1864	0.35907	0.14193	171.129	67.642	0.7778	0.3940
2170	2707.5954	10.4571	0.47776	0.14542	227.696	69.308	0.7143	0.2984
2171	2730.2165	12.1449	0.60138	0.13745	286.613	65.507	0.5200	0.1823
2174	2755.7761	10.3375	0.62025	0.17051	295.608	81.263	0.8421	0.2885
2177	2779.4483	10.9308	0.43401	0.13346	206.846	63.606	0.7333	0.2938
2181	2803.6072	10.6331	0.34845	0.12148	166.071	57.898	0.7273	0.3403
2188	2829.9229	8.3343	0.38796	0.14882	184.901	70.928	0.7778	0.3940
2194	2848.8797	6.4819	0.41543	0.15031	197.991	71.639	0.5000	0.2768
2195	2858.7771	3.4004	0.38597	0.20712	183.951	98.711	0.6000	0.4400
2204	2923.9651	10.1224	0.48375	0.15540	230.552	74.062	0.8462	0.3489
2213	2963.6461	2.0906	0.55302	0.33800	263.567	161.089	0.7500	0.5742
2216	2974.4696	7.5871	0.28415	0.13280	135.427	63.294	0.8571	0.4785
2221	2997.1150	8.9303	0.62456	0.18437	297.660	87.869	0.8125	0.3060
2231	3024.5442	5.8681	0.53076	0.19228	252.956	91.641	0.6364	0.3103
2238	3047.1818	7.4010	0.28732	0.13772	136.933	65.639	0.8333	0.5062
2243	3120.7433	5.6958	2.80801	0.47551	1338.284	226.628	0.7600	0.1684
2247	3130.3485	1.7493	2.55424	0.81215	1217.337	387.064	0.8000	0.3124
2249	3142.3786	8.3975	1.69096	0.28180	805.902	134.306	0.5600	0.1381
2251	3154.3465	1.6560	1.69196	0.65110	806.379	310.313	0.7000	0.3473
2273	3189.6008	8.5067	1.61154	0.28857	768.052	137.530	0.6977	0.1707
2279	3213.7144	12.5764	1.40616	0.22616	670.167	107.788	0.7115	0.1582
2280	3236.3676	10.0571	1.05922	0.20575	504.819	98.058	0.6216	0.1698
2284	3250.5517	1.8164	0.91737	0.51339	437.216	244.680	1.0000	0.6337
2285	3261.8457	8.2640	1.11592	0.23565	531.843	112.310	0.5185	0.1754
2289	3283.3240	10.9038	0.66413	0.16081	316.521	76.643	0.6522	0.2201
2297	3313.8676	4.2663	0.57863	0.24819	275.772	118.284	0.7500	0.4070
2303	3326.1038	5.2490	0.79175	0.23496	377.346	111.978	0.4667	0.2173
2304	3336.9628	5.5875	0.94793	0.25163	451.778	119.926	0.4737	0.1958
2309	3358.9719	7.0725	0.99715	0.25611	475.235	122.060	0.6842	0.2495
2317	3404.3528	9.3292	0.59235	0.16095	282.311	76.707	0.6316	0.2363
2379	3526.5006	7.7417	0.46936	0.15420	223.692	73.492	0.5833	0.2803
2385	3562.9028	19.8772	0.62512	0.11785	297.927	56.166	0.6389	0.1752
2396	3621.7969	8.4092	0.73406	0.20240	349.850	96.465	0.7778	0.2800
2464	3815.5990	6.5446	0.27582	0.10421	131.453	49.666	0.2500	0.2016
2468	3840.1569	6.5256	0.52067	0.18310	248.148	87.266	0.6364	0.3103
2471	3862.1919	8.1681	0.32136	0.12209	153.160	58.189	0.6000	0.3124
2472	3885.9307	8.4232	0.46748	0.15393	222.801	73.362	0.5455	0.2797
2475	3911.3853	6.6889	0.38067	0.14602	181.427	69.591	0.5556	0.3124
2523	4006.5300	7.7333	0.17238	0.12576	82.154	59.938	1.0000	1.0008
2535	4030.2579	8.2215	0.37712	0.13016	179.732	62.035	0.4000	0.2400
2539	4052.4240	11.3285	0.38632	0.11581	184.118	55.197	0.5714	0.2564
2540	4075.0683	11.3058	0.53766	0.14152	256.248	67.448	0.6316	0.2363
2552	4102.3761	8.0347	0.30211	0.10505	143.986	50.068	0.3636	0.2161
2563	4126.2624	7.9474	0.36963	0.13487	176.164	64.279	0.5000	0.3088
2575	4150.2572	8.0497	0.30091	0.11362	143.413	54.149	0.3750	0.2570
